#material file

version=1
name=Material__47
diffuse_color=0.588000 0.588000 0.588000 1.000000
shininess=10.000000
